865
633
798
905
866
842
793
771
200
701
861
510
158
985
573
575
435
645
478
403
227
122
294
914
368
605
163
297
770
111
363
105
713
57
12
306
582
869
494
930
524
355
38
378
653
891
509
523
452
253
339
941
67
391
99
958
920
347
323
949
169
706
858
704
727
116
448
991
796
789
192
970
20
724
142
173
50
763
370
975
287
386
69
89
985
245
304
656
575
167
1000
174
230
367
520
774
951
820
71
613
778
94
74
296
799
879
170
251
258
224
271
604
480
358
97
92
691
332
1
447
649
575
537
16
697
683
936
9
779
84
402
617
796
628
759
927
441
629
880
345
45
154
551
232
564
204
4
691
114
851
683
654
657
968
95
658
599
850
288
938
91
656
203
752
966
885
253
1000
4
516
656
333
963
285
453
517
146
58
109
214
609
147
606
263
295
73
823
372
196
33
25
767
880
224
898
948
533
504
426
115
901
775
871
160
627
438
758
900
950
683
804
510
351
133
905
455
856
368
227
707
551
317
470
572
104
54
637
128
195
640
203
268
342
691
227
928
878
847
920
616
837
838
693
372
36
626
139
114
984
303
780
167
523
142
169
15
239
372
477
688
877
300
335
227
423
979
409
886
559
893
560
17
954
385
353
310
548
792
916
277
957
555
494
60
157
165
10
207
721
666
590
657
689
878
837
694
406
149
59
791
569
825
515
622
406
452
318
863
280
545
868
744
567
944
603
508
327
50
266
561
851
236
574
379
147
246
874
6
28
641
763
276
264
395
317
731
47
772
790
708
924
981
762
245
613
105
357
437
462
369
32
241
915
126
876
266
375
355
746
684
40
573
747
206
434
737
238
902
855
557
916
741
715
564
930
791
359
887
92
812
704
63
857
327
304
211
28
352
624
250
79
286
278
646
907
316
986
179
515
912
359
927
996
217
266
308
253
185
42
558
929
295
81
646
510
735
695
487
389
192
425
983
321
733
352
874
144
53
395
870
639
484
670
699
1
749
455
452
280
60
845
323
7
645
316
233
868
361
186
151
655
979
593
408
510
645
98
382
195
446
14
874
800
680
322
189
599
311
318
144
465
695
866
110
919
23
907
718
117
743
797
166
665
455
509
685
680
774
648
400
281
168
910
863
30
143
601
882
298
130
782
372
298
353
420
333
363
67
589
305
895
101
77
507
765
760
733
894
538
984
737
570
283
859
751
314
940
391
90
982
344
155
345
501
590
785
191
973
911
423
598
747
457
993
897
786
882
489
845
292
220
870
245
685
615
324
612
304
265
55
275
641
781
223
966
402
836
644
929
781
376
808
322
74
953
504
149
110
676
645
315
910
441
784
281
214
675
675
893
460
814
775
275
508
567
478
137
633
267
683
674
924
807
724
407
42
215
202
516
580
612
327
662
248
763
841
862
314
829
927
410
769
101
20
925
884
86
594
933
530
738
243
716
516
396
20
208
16
832
929
209
634
796
795
954
845
504
902
970
344
413
808
709
125
103
283
661
788
316
986
885
694
720
489
520
601
303
874
750
573
908
302
132
974
343
206
571
344
123
701
87
73
708
453
822
126
215
157
272
267
566
183
71
947
530
608
17
400
885
126
639
18
569
997
158
706
940
56
117
45
310
626
62
621
196
53
426
964
25
646
138
876
282
164
906
560
708
856
68
422
182
565
927
987
764
56
570
307
208
134
150
258
980
889
969
394
915
499
398
315
835
560
816
135
163
112
516
920
487
505
412
525
810
837
430
56
551
948
480
115
628
190
91
489
881
764
524
26
18
403
888
194
692
48
923
888
469
372
765
44
817
776
435
249
288
140
62
257
469
321
393
560
715
925
630
261
492
496
931
131
710
966
839
219
371
110
919
92
969
172
876
801
983
120
988
729
683
863
424
634
212
276
890
508
864
549
165
168
624
321
864
784
970
11
376
885
694
927
691
455
183
925
749
592
935
473
100
893
538
811
390
505
338
561
711
321
348
150
56
438
158
935
228
643
923
685
206
591
754
222
917
959
981
442
113
436
582
726
892
608
559
324
288
635
139
353
412
812
726
286
646
137
975
419
276
583
71
958
22
390
768
751
453
539
407
34
232
239
296
381
710
470
75
85
831
845
622
631
151
261
429
567
490
769
884
28
317
596
501
113
117
353
990
512
900
986
928
335
8
504
100
529
918
281
352
302
297
940
677
359
812
610
12
96
328
492
516
935
857
985
233
564
770
840
104
929
762
63
832
746
202
276
746
390
436
301
416
16
613
171
98
530
360
908
454
198
755
458
155
552
993
286
313
581
646
377
921
447
599
968
7
84
899
283
455
624
959
384
261
227
531
118
393
904
413
923
499
440
244
72
825
87
573
920
349
112
826
57
210
920
267
771
963
734
333
808
226
20
734
941
315
762
691
670
889
155
908
614
377
217
88
845
92
146
564
874
94
84
214
644
626
740
886
357
422
313
211
242
895
225
698
494
823
437
896
218
290
154
123
415
689
385
275
459
563
927
943
912
91
979
172
644
782
503
776
762
692
473
339
130
120
961
284
18
96
740
298
161
651
455
76
919
704
91
770
616
262
804
796
697
804
270
474
625
770
735
961
224
991
81
804
577
414
492
244
533
19
662
74
779
381
837
804